[initialization]
simulation_engine=DTALite.exe
nexta=1
FreewayColor=4259584
RampColor=-1.00000
ArterialColor=15735456
ConnectorColor=-1.00000
TransitColor=-1.00000
WalkingColor=-1.00000
BackgroundColor=16777215
NodeColor=-1.00000
NodeBrushColor=-1.00000
AgentColor1=255
AgentColor2=-1.00000
AgentColor3=-1.00000
AgentColor4=-1.00000
NodeBackgroundColor=-1
ZoneColor=16760576
[Grid]
top=50.00000
bottom=0.00000
left=0.00000
right=100.00000
[image]
top=33.426622090
bottom=33.415460381
left=-111.943642283
right=-111.920890583
real_world_width=10.00000
[GUI]
node_display_size=0.003349
node_text_display_ratio=4.000000
