[initialization]
simulation_engine=DTALite.exe
nexta=1
FreewayColor=-1.00000
RampColor=-1.00000
ArterialColor=-1.00000
ConnectorColor=-1.00000
TransitColor=-1.00000
WalkingColor=-1.00000
BackgroundColor=-1.00000
NodeColor=-1.00000
NodeBrushColor=-1.00000
[Grid]
top=50.00000
bottom=0.00000
left=0.00000
right=100.00000
[image]
top=33.428917128
bottom=33.409082628
left=-111.951107496
right=-111.910669158
real_world_width=10.00000
